OPINIÓN POSITIVA

POLARIDAD:0.11607142857142856
SUBJETIVIDAD: 0.5157312925170069
