POLARIDAD:0.027777777777777783
SUBJETIVIDAD: 0.5166666666666667